01000000
01000010
01000101
01000111
01001010
01001100
01001111
01010010
01010100
01010111
01011001
01011100
01011111
01100001
01100100
01100110
01101001
01101100
01101110
01110001
01110011
01110110
01111000
01111011
01111110
01111111
01111100
01111010
01110111
01110100
01110010
01101111
01101101
01101010
01100111
01100101
01100010
01100000
01011101
01011011
01011000
01010101
01010011
01010000
01001110
01001011
01001000
01000110
01000011
01000001
00111110
00111011
00111001
00110110
00110100
00110001
00101111
00101100
00101001
00100111
00100100
00100010
00011111
00011100
00011010
00010111
00010101
00010010
00001111
00001101
00001010
00001000
00000101
00000011
00000000
00000010
00000100
00000111
00001001
00001100
00001111
00010001
00010100
00010110
00011001
00011100
00011110
00100001
00100011
00100110
00101000
00101011
00101110
00110000
00110011
00110101
00111000
00111011
00111101
01000000
