10000000
01111111
01111111
01111110
01111101
01111100
01111011
01111001
01110111
01110101
01110011
01110001
01101110
01101011
01101000
01100101
01100001
01011110
01011010
01010110
01010011
01001111
01001011
01000111
01000011
00111110
00111010
00110110
00110010
00101110
00101011
00100111
00100011
00100000
00011100
00011001
00010110
00010011
00010000
00001101
00001011
00001001
00000111
00000101
00000011
00000010
00000001
00000000
00000000
00000000
00000000
00000000
00000000
00000001
00000010
00000011
00000101
00000111
00001001
00001011
00001101
00010000
00010011
00010110
00011001
00011100
00011111
00100011
00100111
00101011
00101110
00110010
00110110
00111010
00111110
01000011
01000111
01001011
01001111
01010011
01010110
01011010
01011110
01100001
01100101
01101000
01101011
01101110
01110001
01110011
01110101
01110111
01111001
01111011
01111100
01111101
01111110
01111111
01111111
10000000